1.92072070397512 0.3855
1.92248062015504 0.3781
1.92546583850932 0.3656
1.92846034214619 0.353
1.93146417445483 0.3405
1.93447737909516 0.3579
1.9375 0.3853
1.94053208137715 0.4127
1.9435736677116 0.44
1.94662480376766 0.4674
1.9496855345912 0.476
1.95275590551181 0.4635
1.95583596214511 0.4509
1.95892575039494 0.4384
1.9620253164557 0.4401
1.96513470681458 0.4501
1.96825396825397 0.4601
1.97138314785374 0.4702
1.97452229299363 0.4802
1.97767145135566 0.4736
1.98083067092652 0.4636
1.984 0.4535
1.98717948717949 0.4435
1.99036918138042 0.4337
1.9935691318328 0.4337
1.99677938808374 0.4337
2 0.4337
2.0032310177706 0.4337
2.00647249190939 0.4337
2.0097244732577 0.4337
2.01298701298701 0.4337
2.01626016260163 0.4337
2.01954397394137 0.4424
2.02283849918434 0.4647
2.02614379084967 0.487
2.02945990180033 0.5093
2.0327868852459 0.5312
2.03612479474548 0.548
2.03947368421053 0.5647
2.04283360790774 0.5814
2.04620462046205 0.5982
2.0495867768595 0.6149
2.05298013245033 0.6316
2.05638474295191 0.6483
2.05980066445183 0.6651
2.06322795341098 0.6832
2.06666666666667 0.7033
2.07011686143573 0.7233
2.07357859531773 0.7434
2.07705192629816 0.7635
2.08053691275168 0.7836
2.08403361344538 0.8036
2.08754208754209 0.8237
2.09106239460371 0.8438
2.09459459459459 0.8638
2.09813874788494 0.9085
2.10169491525424 0.9587
2.10526315789474 1.0088
2.10884353741497 1.059
2.11243611584327 1.1439
2.1160409556314 1.2298
2.11965811965812 1.3157
2.12328767123288 1.3875
2.12692967409949 1.4501
2.13058419243986 1.5128
2.1342512908778 1.5754
2.13793103448276 1.5989
2.14162348877375 1.61
2.14532871972318 1.6212
2.14904679376083 1.6323
2.15277777777778 1.6322
2.15652173913043 1.6179
2.1602787456446 1.6035
2.16404886561955 1.5892
2.16783216783217 1.5748
2.17162872154116 1.5605
2.17543859649123 1.5461
2.1792618629174 1.5318
2.1830985915493 1.5174
2.18694885361552 1.5031
2.19081272084806 1.4757
2.19469026548673 1.4254
2.19858156028369 1.3752
2.20248667850799 1.3249
2.20640569395018 1.2835
2.21033868092692 1.25
2.21428571428571 1.2165
2.21824686940966 1.183
2.22222222222222 1.1481
2.2262118491921 1.1079
2.23021582733813 1.0677
2.23423423423423 1.0275
2.23826714801444 0.9873
2.24231464737794 0.9586
2.2463768115942 0.9461
2.25045372050817 0.9335
2.25454545454545 0.921
2.25865209471767 0.935
2.26277372262774 0.9684
2.26691042047532 1.0019
2.27106227106227 1.0353
2.27522935779817 1.0602
2.27941176470588 1.0602
2.28360957642726 1.0602
2.28782287822878 1.0602
2.29205175600739 1.0602
2.2962962962963 1.0837
2.30055658627087 1.1088
2.30483271375465 1.1339
2.30912476722533 1.1576
2.3134328358209 1.1676
2.31775700934579 1.1776
2.32209737827715 1.1877
2.32645403377111 1.1977
2.33082706766917 1.2178
2.33521657250471 1.2624
2.33962264150943 1.3069
2.34404536862004 1.3515
2.34848484848485 1.3961
2.35294117647059 1.446
2.3574144486692 1.4962
2.36190476190476 1.5463
2.36641221374046 1.5958
2.37093690248566 1.6404
2.37547892720307 1.6849
2.38003838771593 1.7295
2.38461538461538 1.7741
2.38921001926782 1.8364
2.39382239382239 1.9032
2.39845261121857 1.9701
2.4031007751938 2.0102
2.40776699029126 2.0478
2.4124513618677 2.0855
2.41715399610136 2.1274
2.421875 2.2276
2.426614481409 2.3277
2.43137254901961 2.4233
2.43614931237721 2.4985
2.44094488188976 2.5737
2.44575936883629 2.6488
2.45059288537549 2.7407
2.45544554455446 2.8659
2.46031746031746 2.9705
2.46520874751491 3.0457
2.47011952191235 3.1209
2.4750499001996 3.196
2.48 3.2946
2.48496993987976 3.4114
2.48995983935743 3.5282
2.49496981891348 3.6338
2.5 3.734
2.50505050505051 3.8341
2.51012145748988 3.9445
2.51521298174442 4.0779
2.52032520325203 4.2114
2.52545824847251 4.3559
2.53061224489796 4.5159
2.53578732106339 4.6761
2.54098360655738 4.856
2.54620123203285 5.036
2.55144032921811 5.208
2.55670103092783 5.3747
2.56198347107438 5.5413
2.56728778467909 5.7174
2.57261410788382 5.8973
2.57796257796258 6.0905
2.58333333333333 6.3152
2.58872651356994 6.5162
2.59414225941423 6.6763
2.59958071278826 6.8363
2.60504201680672 6.9963
2.61052631578947 7.1563
2.61603375527426 7.3788
2.6215644820296 7.6531
2.6271186440678 7.9426
2.63269639065817 8.2295
2.63829787234043 8.4542
2.64392324093817 8.7004
2.64957264957265 9.0174
2.65524625267666 9.3344
2.66094420600858 9.6514
2.66666666666667 9.9685
2.67241379310345 10.2855
2.67818574514039 10.4774
2.68398268398268 10.6574
2.68980477223427 10.9412
2.69565217391304 11.328
2.70152505446623 11.7149
2.70742358078603 12.1017
2.71334792122538 12.4885
2.71929824561403 12.8753
2.72527472527473 13.2622
2.73127753303965 13.649
2.73730684326711 14.0358
2.74336283185841 14.4226
2.74944567627494 14.8095
2.75555555555556 15.1963
2.76169265033408 15.5831
2.76785714285714 15.9699
2.77404921700224 16.3568
2.78026905829596 16.7436
2.78651685393258 17.1304
2.79279279279279 17.5139
2.79909706546275 17.8459
2.80542986425339 18.206
2.81179138321995 18.584
2.81818181818182 18.9841
2.8246013667426 19.4696
2.8310502283105 19.9286
2.83752860411899 20.3798
2.84403669724771 20.7118
2.85057471264368 21.1383
2.85714285714286 21.4874
2.86374133949192 21.8325
2.87037037037037 22.1975
2.87703016241299 22.5624
2.88372093023256 22.8947
2.89044289044289 23.1905
2.89719626168224 23.4152
2.903981264637 23.6399
2.91079812206573 23.8646
2.91764705882353 24.0665
2.92452830188679 24.1667
2.93144208037825 24.2668
2.93838862559242 24.367
2.94536817102138 24.4019
2.95238095238095 24.422
2.95942720763723 24.442
2.96650717703349 24.4621
2.97362110311751 24.4817
2.98076923076923 24.4593
2.98795180722892 24.437
2.9951690821256 24.4147
3.00242130750605 24.3924
3.00970873786408 24.3331
3.01703163017032 24.2577
3.02439024390244 24.1823
3.03178484107579 24.1068
3.03921568627451 23.94
3.04668304668305 23.7585
3.05418719211823 23.5194
3.06172839506173 23.2182
3.06930693069307 22.9657
3.07692307692308 22.6789
3.08457711442786 22.1803
3.09226932668329 21.7114
3.1 21.2033
3.1077694235589 20.6531
3.11557788944724 20.0212
3.12342569269521 19.3893
3.13131313131313 18.6341
3.13924050632911 17.9233
3.14720812182741 17.2764
3.15521628498728 16.6762
3.16326530612245 16.065
3.17135549872123 15.3992
3.17948717948718 14.8049
3.18766066838046 14.2967
3.19587628865979 13.8368
3.20413436692506 13.3293
3.21243523316062 12.8117
3.22077922077922 12.2154
3.22916666666667 11.6049
3.23759791122715 10.9553
3.24607329842932 10.4472
3.25459317585302 9.5443
3.26315789473684 8.9919
3.27176781002639 8.2398
3.28042328042328 7.4866
3.28912466843501 6.9587
3.29787234042553 6.4308
3.30666666666667 5.9029
3.31550802139037 5.3749
3.32439678284182 4.847
3.33333333333333 4.3191
3.34231805929919 3.7912
3.35135135135135 3.2633
3.36043360433604 2.7353
3.3695652173913 2.2074
3.37874659400545 1.6795
3.3879781420765 1.1516
3.3972602739726 0.938
3.40659340659341 0.8374
3.41597796143251 0.7367
3.42541436464088 0.5925
3.43490304709141 0.4414
3.44444444444444 0.4019
3.45403899721448 0.3684
3.46368715083799 0.3349
3.4733893557423 0.3014
3.48314606741573 0.2892
3.49295774647887 0.2892
3.50282485875706 0.2892
3.51274787535411 0.2892
3.52272727272727 0.2715
3.53276353276353 0.2491
3.54285714285714 0.2268
3.55300859598854 0.2045
3.5632183908046 0.1975
3.57348703170029 0.2076
3.58381502890173 0.2176
3.59420289855072 0.2277
3.6046511627907 0.2377
3.61516034985423 0.2477
3.62573099415205 0.2578
3.63636363636364 0.2678
3.64705882352941 0.2778
3.65781710914454 0.2879
3.66863905325444 0.2979
3.67952522255193 0.308
3.69047619047619 0.318
3.70149253731343 0.328
3.7125748502994 0.3373
3.72372372372372 0.3373
3.73493975903614 0.3373
3.74622356495468 0.3373
3.75757575757576 0.3373
3.76899696048632 0.3404
3.78048780487805 0.3515
3.79204892966361 0.3627
3.80368098159509 0.3738
3.81538461538462 0.385
3.82716049382716 0.376
3.8390092879257 0.366
3.85093167701863 0.3559
3.86292834890966 0.3459
3.875 0.3373
3.8871473354232 0.3373
3.89937106918239 0.3373
3.91167192429022 0.3373
3.92405063291139 0.3373
3.93650793650794 0.3303
3.94904458598726 0.3102
3.96166134185303 0.2901
3.97435897435897 0.27
3.98713826366559 0.2499
4 0.2471
4.01294498381877 0.2583
4.02597402597403 0.2695
4.03908794788274 0.2806
4.05228758169935 0.2845
4.0655737704918 0.2644
4.07894736842105 0.2443
4.09240924092409 0.2242
4.10596026490066 0.2041

